     0.080876090    -0.053528570    -0.006410259
     0.233479694    -0.201581404    -0.434765697
     0.381946623     0.104868710     0.036827538
    -0.259489238    -0.230592608     0.406448215
    -0.474678785     0.372906953    -0.036518667
    -0.165224850     0.007306337    -0.018649280
    -0.187646300     0.476159871    -0.053882413
    -0.556935012    -0.143303096    -0.186751455
     0.115535960    -0.306038350     0.455318660
     0.488809109    -0.133973703    -0.233838722
    -0.020944959    -0.058212876     0.044267893
    -0.013700365    -0.184948236    -0.605647504
     0.031774927     0.482556611     0.123299763
     0.492533296    -0.204828799     0.291105241
    -0.446857512    -0.010490065     0.163537905
     0.122055978    -0.011024553    -0.077040955
     0.546039402     0.062001351    -0.096964628
     0.044887263    -0.179468036     0.551662803
    -0.355579734    -0.133946627    -0.510275602
    -0.379872650     0.456442386     0.180548310
    -0.003015958     0.004118294    -0.000828147
     0.111670941    -0.382769227     0.480241895
    -0.192653447    -0.284065366    -0.607076228
     0.471604198     0.268998235    -0.278132856
    -0.412898898     0.469057769     0.330396503
    -0.001574963    -0.019549171     0.028885052
     0.641312301     0.018175066     0.107047260
    -0.135569215     0.442956477     0.520266056
    -0.313112885    -0.607082605    -0.004365630
    -0.186779842     0.120857850    -0.546470523
     0.056291349    -0.133329690    -0.038551766
    -0.296541333     0.034200668    -0.668056071
     0.490084887     0.547656298    -0.186003327
     0.227792025    -0.428569794     0.305818945
    -0.445476711     0.062732510     0.382055253
    -0.031553134    -0.020271553     0.019965436
    -0.333204299     0.610370219    -0.157601058
    -0.010610934    -0.279401571    -0.482832879
    -0.119407646    -0.102349989     0.575424254
     0.528771698    -0.102595016     0.146811157
    -0.010930324    -0.088009723     0.055774368
     0.193945229     0.548279524     0.034574620
     0.286185801    -0.444860697     0.014256164
    -0.123942047    -0.169006228    -0.554553330
    -0.350275725     0.124821119     0.424120188
    -0.031927690    -0.006698871     0.034319874
     0.489370912     0.180516139    -0.393269479
     0.106644571    -0.126002103     0.591101289
    -0.255029261    -0.579657078    -0.089774996
    -0.352612704     0.546033025    -0.146331444
     0.007450219    -0.012312444    -0.096745446
     0.361554503    -0.353174746     0.027569998
    -0.525746465    -0.072545022    -0.342434704
     0.299852282     0.503786504     0.006984398
    -0.096967682    -0.073755451     0.533818245
     0.030935178    -0.094015896    -0.093522489
     0.074204043    -0.227497533    -0.386477560
    -0.215283021    -0.451148331     0.217560738
    -0.315420359     0.508765340     0.051206470
     0.434876263     0.306410551     0.204220951
     0.003101017    -0.009938432     0.001043487
     0.518858910     0.460658461    -0.213017240
    -0.200756758    -0.158794373    -0.694877923
    -0.507087409     0.275250614     0.450047582
     0.118641689    -0.524307251     0.427022219
    -0.090329871    -0.004803598     0.017317496
     0.015596354    -0.321032792    -0.383977890
     0.121253856    -0.218198687     0.644896388
    -0.275109082     0.262978375    -0.118796952
     0.399052143     0.227494702    -0.057476036
    -0.049162045    -0.069992438     0.055301502
    -0.508730173    -0.063677847    -0.141699508
     0.218165398     0.523336947     0.073443845
     0.106163912    -0.326707035    -0.477038562
     0.222173005    -0.092876166     0.500430882
     0.011235557    -0.105767146    -0.052035805
    -0.243341267     0.366371393    -0.423438191
     0.529497266    -0.112631746    -0.042851523
    -0.230103001    -0.539212584    -0.005721419
    -0.010377456     0.234193832     0.413065493
    -0.062309701     0.012920426    -0.029704215
    -0.396194130     0.465300143    -0.122815549
     0.360158861    -0.195982113    -0.545888364
    -0.283970892    -0.601991475     0.138155445
     0.499157548     0.233257055     0.436062038
     0.002953883     0.006776392    -0.002001675
    -0.354503959    -0.465322137    -0.382612556
     0.040458526    -0.080879517     0.703243315
    -0.178791106     0.612245917     0.011986408
     0.549410939    -0.175568700    -0.335636169
     0.067947522    -0.059647776     0.047326379
     0.514280438     0.276879489     0.202461779
    -0.544057429     0.101895526     0.183824316
     0.240516841    -0.462073952     0.125523329
    -0.273756087     0.179859534    -0.574857712
     0.043032557     0.023730040     0.071424961
    -0.203454852     0.112781890     0.524186850
     0.388047278    -0.429830909    -0.151422352
     0.200268954     0.546511769    -0.419929683
    -0.519852757    -0.279361010    -0.135749921
    -0.026835863    -0.042475268     0.006798782
    -0.071264118    -0.427272975    -0.449399918
    -0.489817679     0.068231046     0.350352734
     0.197362140     0.368249029    -0.396421373
     0.315188110    -0.092722334     0.537886560
    -0.075580612    -0.083621442    -0.063668177
    -0.562609434     0.096478686     0.234508038
    -0.115745753     0.097383589    -0.529592812
     0.263715684    -0.464569509     0.128620774
     0.408343524     0.274230868     0.385803968
    -0.082457714    -0.018783882    -0.008414522
    -0.223221436    -0.295710623    -0.334758788
     0.555406392    -0.058164679     0.086406343
     0.027593620    -0.026926233     0.543068528
    -0.217815474     0.467378825    -0.304329604
     0.004629758     0.004355814    -0.016925156
     0.011438548    -0.285151482     0.604561150
    -0.330352396     0.576013148     0.112536803
    -0.210602537    -0.391355008    -0.457396597
     0.541244030     0.109709330    -0.249452397
     0.011372018    -0.017450992     0.133541167
     0.174517080    -0.212911636     0.321667463
     0.219461709     0.407752365    -0.144456133
    -0.381836504    -0.029076826     0.186170116
     0.075188309    -0.185380027    -0.570859551
     0.047608163     0.010388784     0.022936555
     0.457458824     0.237160072     0.349839717
    -0.456662297    -0.472768098     0.305672407
     0.256230712    -0.096478365    -0.470864981
    -0.204081520     0.433556288    -0.242623329
     0.070064783    -0.091912664     0.049887624
     0.366633534    -0.339264691    -0.046060748
    -0.450563252     0.011062847    -0.249668524
     0.017718509     0.602332413    -0.237280771
     0.025889706    -0.086752355     0.464695126
    -0.018143246    -0.008967050    -0.014213985
     0.506440878    -0.175645679    -0.402263820
     0.087143853    -0.084699646     0.686940312
    -0.613868594    -0.337421328    -0.145329118
    -0.006167084     0.597247005    -0.134750500
    -0.011836078     0.019225489    -0.002557110
     0.015136352     0.456208766     0.393290222
    -0.398871005    -0.336899877     0.409129918
     0.554097414    -0.241357788    -0.200223207
    -0.181917012     0.087125383    -0.593675494
    -0.023335610    -0.023890829    -0.014223292
    -0.703597248     0.006843135    -0.113804191
     0.366465390    -0.494779646    -0.394343823
    -0.085576542    -0.096060224     0.639535010
     0.387680411     0.515212774    -0.171307757
     0.001741020     0.021449747     0.012613330
    -0.068440743     0.737308919     0.160055667
    -0.418750465    -0.364727885     0.178812280
     0.397993565    -0.279744744     0.267730325
     0.058164157    -0.132379875    -0.622513771
     0.106455445     0.084186405     0.004551411
    -0.210218564    -0.464974046     0.230330497
     0.468338907    -0.179793105    -0.327038586
     0.155921042     0.001273990     0.493108869
    -0.296680391     0.609709799    -0.327156484
    -0.116574004    -0.002422335    -0.042347159
     0.440915108    -0.247448012    -0.203692332
    -0.477449894    -0.154332891    -0.038513828
     0.103943661     0.463796824    -0.282887906
    -0.074896827     0.101658538     0.619859338
     0.006303892     0.009456649     0.048902936
    -0.130374968     0.486108392    -0.281803012
    -0.600324690    -0.194604129    -0.141905680
     0.132660419    -0.048439942     0.502646327
     0.501322448    -0.288872778    -0.150766820
     0.009173159     0.013387475     0.048730657
    -0.350618899     0.140111908     0.509605050
     0.435072929    -0.299716622     0.082216099
     0.193729863     0.500655174    -0.164700523
    -0.247399420    -0.345165342    -0.442759007
     0.007199071     0.024618546     0.002385624
     0.387986571    -0.458106130    -0.048349660
     0.203170598     0.603639185     0.075731248
    -0.260206759    -0.312373370     0.495781749
    -0.353398174     0.156799778    -0.523135424
    -0.011424571    -0.016119855    -0.002025375
    -0.514603257     0.091419980     0.379181802
     0.389267683    -0.236139804     0.309928030
     0.245082125     0.495594233    -0.049027350
    -0.117282271    -0.344153345    -0.630933225
    -0.009786305     0.015967224    -0.013656532
    -0.482908368     0.213252008     0.304178268
     0.647341073     0.087372281     0.290719658
    -0.041175507     0.371798217    -0.478807896
    -0.135048196    -0.686642945    -0.107838273
     0.014827944    -0.028761467     0.000069670
     0.664169490     0.063098498     0.166992322
    -0.151514366    -0.577939272    -0.375668585
    -0.032971449     0.598367333    -0.239529878
    -0.446013987    -0.159665197     0.466764808
     0.018191639     0.011416606    -0.013773808
    -0.511808872    -0.205167666     0.342859387
    -0.354009867     0.480872482    -0.262368441
     0.274625033    -0.429933995    -0.378129452
     0.578940034     0.145830378     0.285019547
    -0.037258506     0.048728317    -0.078593962
     0.377735734    -0.439644098     0.058037490
    -0.115340315    -0.011337630     0.535480618
    -0.368879199     0.007059574    -0.375764132
     0.109186053     0.415134639    -0.242893010
    -0.016584039    -0.029449582     0.052559495
     0.087475412    -0.551630497    -0.317356110
    -0.412365913     0.344524443    -0.270784259
     0.379366577     0.353468955    -0.057289839
    -0.195807487    -0.099190548     0.710621238
     0.006530855     0.006709856    -0.011157071
     0.332162499    -0.193354324     0.429125190
     0.196577817    -0.340450346    -0.593089938
     0.123584002     0.588549972     0.064677000
    -0.630508244    -0.061946806     0.104481697
    -0.000375948    -0.012975825    -0.052189454
    -0.463958085    -0.398651540    -0.024063781
    -0.056607731     0.031871989     0.701432228
    -0.017011974     0.585171282    -0.345082223
     0.576288581    -0.148159400    -0.271312654
     0.002976858    -0.022294264    -0.035088468
     0.548684895    -0.233713537     0.159518197
     0.263168514     0.433909118    -0.296669245
    -0.396369964     0.100113720     0.504048288
    -0.370448858    -0.431860477    -0.287146449
    -0.026304603     0.048720479    -0.023988396
     0.600567520     0.092675649    -0.036705058
    -0.228417933    -0.566575885     0.158547074
    -0.010367049     0.147000819    -0.498420686
    -0.335644394     0.250327975     0.420854956
     0.020580336     0.023463847    -0.034381725
     0.502477646     0.465264052     0.085655779
     0.215562940    -0.433076620    -0.370202571
    -0.560608864     0.395936668    -0.326978028
    -0.155269578    -0.386578560     0.513970256
     0.014047983     0.013313379    -0.006765451
     0.191030070    -0.572501779    -0.020215753
    -0.356478631     0.112138502     0.431459039
    -0.395670861     0.188070372    -0.428480715
     0.564295590     0.318870962     0.010365631
     0.051636256    -0.064958259     0.007190750
     0.328682005     0.482552886     0.124591433
    -0.264601618    -0.056348115    -0.659157097
    -0.340940237    -0.137271211     0.384436905
     0.363906026    -0.226364285    -0.010451320
    -0.001171548    -0.002254077     0.005806252
    -0.180009276    -0.614041805    -0.058102969
    -0.032804437     0.257480174     0.756136835
    -0.296546221     0.279581994    -0.349662572
     0.506231070     0.056677002    -0.322353661
     4.133004189     3.725773096     1.995151162
    -4.140696526    -3.712670326    -1.994213223
     5.579603195     1.696085453     0.962350130
    -5.570502758    -1.690455794    -0.988500774
     5.558262348    -1.386316538    -1.508033752
    -5.618487358     1.367206573     1.506760120
     5.597714424    -1.776258707    -1.105433583
    -5.602097988     1.770800233     1.074936390
     2.254884720    -5.263075829    -1.377280116
    -2.265830040     5.259341717     1.391823649
    -4.924264908    -2.527163744    -2.139737368
     4.971370220     2.506820440     2.154727459
    -4.356378555    -3.799620628     2.184069395
     4.516904354     3.840262175    -1.955934525
     0.539522707     0.926965356    -5.961395264
    -0.695019841    -0.864295602     5.960506439
     1.228585958    -3.462449312     4.690334797
    -1.224121809     3.444075108    -4.697220802
    -3.870727062     3.105145454     3.271493435
     3.875264883    -3.107610464    -3.267655849
    -5.697477818    -1.515979886     1.313394070
     5.666987896     1.508048058    -1.336011648
     4.797059059     3.544413090    -0.310147882
    -4.792817593    -3.543179274     0.322385430
     1.245998979     3.417212248    -4.658764839
    -1.150766492    -3.464795828     4.692995548
     1.428921223     5.755353928     0.634078622
    -1.467555404    -5.735598564    -0.574882269
     1.145918250    -4.857658863     3.311342001
    -1.122104883     4.851091862    -3.317636251
    -3.108122349     4.783566952     1.689162850
     3.125876904    -4.785794258    -1.693133354
    -2.925599575     1.784568429    -4.908721924
     2.912909031    -1.761163712     4.896967888
    -1.745166898     0.113536015     5.701274395
     1.747276306    -0.102785833    -5.691369057
    -5.959608555     0.155632257    -0.138884068
     5.955616951    -0.153953075     0.147887364
    -2.583335400     1.484801650    -5.155040264
     2.598075628    -1.499738216     5.129366398
    -5.034841537     2.701234818     1.671679854
     5.034622192    -2.681610823    -1.672667623
     1.714491367    -4.340135574     4.417014599
    -1.735490680     4.021475315    -4.479327679
     5.173881531    -2.777267456    -1.191604495
    -5.204308987     2.768619537     1.203109980
    -1.104655981     1.511142731    -5.743163109
     1.100867391    -1.498029947     5.634266376
    -4.492341042    -3.845935583     0.761229932
     4.539274693     3.835823536    -0.760822058
     3.522622347    -2.339181423     4.205243587
    -3.522338152     2.343481541    -4.208391190
    -5.676527023    -2.026902914     0.083958790
     5.674621105     2.049774885    -0.042702366
    -1.196438789    -2.549792290     5.239699364
     1.194536328     2.530654192    -5.240832329
    -2.507405043     4.647628307    -3.244365454
     2.508378744    -4.624373436     3.246281624
     3.553041697    -0.936954319    -4.684553623
    -3.570360184     0.949292719     4.675683498
    -0.989012957    -1.855787873     5.750625610
     0.972610474     1.837549329    -5.711857319
    -3.348072290    -3.025891542     3.969687700
     3.336806774     3.023868561    -3.970439196
    -5.205897808     2.610594273     1.270804763
     5.207548141    -2.604921579    -1.271046519
    -0.391028404    -4.973728180     3.262598753
     0.398612320     4.963906765    -3.267559052
    -3.754984140     1.896036625     4.221979141
     3.762159824    -1.903757930    -4.224631786
     4.626276970     3.020618439     2.274661779
    -4.606484413    -3.022054195    -2.267821550
    -1.682061315     1.671475530     5.662455559
     1.843597293    -1.576197863    -5.570009708
     1.323856354    -5.093890190    -2.774839878
    -1.324466705     5.100067139     2.795047045
     2.479159355    -3.022932053    -4.560182571
    -2.519709826     3.042665482     4.550642967
    -5.789257526     0.665526390    -1.505842805
     5.766822815    -0.692544103     1.523004055
    -1.269804120     5.635676861     1.904594183
     1.321823001    -5.633768082    -1.884302020
    -1.190141082     0.159101263     5.872204781
     1.175387621    -0.197957352    -5.885145664
    -3.647425175     4.626468658     1.053676963
     3.658258915    -4.630944252    -1.021543622
    -1.065689683    -2.948927641     5.026529789
     1.082466364     2.944833517    -5.011670113
     5.580320835    -2.187759161     0.828015506
    -5.589955330     2.162276745    -0.802962780
    -3.295182705    -0.698566854     4.844993591
     3.298467875     0.689849734    -4.847892761
     2.625221491    -2.477974176    -4.664170742
    -2.596832514     2.495582342     4.670781136
     3.202731371     3.016496181    -4.083074570
    -3.210226059    -3.017748833     4.062525749
     2.278676033     4.422518253     3.247332096
    -2.291259527    -4.422934532    -3.264504194
    -5.956930161    -0.405582309     0.716696799
     5.941700935     0.384055823    -0.705651522
    -4.636428356     2.714784145     2.579521179
     4.626177788    -2.695327759    -2.572951794
     2.360759497     1.847507596    -5.149830341
    -2.335720778    -1.864169598     5.189859867
     4.794677734    -3.001427889     2.361800671
    -4.743664265     3.026084900    -2.384739161
    -3.714262724    -3.597768545     2.989514828
     3.713171721     3.604881763    -2.963950634
     0.112336606     4.061325073     4.504904747
    -0.180352539    -4.100126266    -4.501758099
     4.986217022     0.850523949     3.132870913
    -4.995100498    -0.839013755    -3.169544458
    -2.612214327     3.082875967    -4.352375031
     2.613573551    -3.076482773     4.350442410
    -4.476309776    -3.381027937    -1.943670034
     4.485239029     3.380299091     1.947077870
     3.002788067     3.986314535     3.223490715
    -3.061208725    -3.894313097    -3.217965364
     0.204769373     4.481955051    -3.974069834
    -0.200132608    -4.472736835     3.973400116
     2.740069151     4.367084980    -2.900781631
    -2.756875277    -4.374388695     2.916360378
    -5.329055786     2.387579203     0.311729968
     5.363376141    -2.492491007    -0.357497096
     4.463290691    -1.806495309     3.537405014
    -4.459794044     1.820545316    -3.547286034
    -4.637005329    -0.383703828     3.691593885
     4.625273228     0.355203897    -3.722189903
     1.505804420    -0.186448932     5.898050308
    -1.497316241     0.191685334    -5.902019501
     5.422719955    -1.559877396    -1.534664512
    -5.437444687     1.593819857     1.542324424
    -3.370608330    -3.992669344     2.996519327
     3.386090517     3.956323147    -2.967954874
     4.024616241    -3.340569973    -2.893318892
    -4.029240131     3.340732574     2.888819695
    -5.015488148     0.858463705    -3.088451385
     5.045858860    -0.819445848     3.072254419
    -0.611088395     1.261338472    -5.883255005
     0.532224476    -1.329845071     5.821264744
     0.837975204     5.720594883     1.249244213
    -0.835383594    -5.714460373    -1.248896122
     0.705380976     3.800710201     4.471493721
    -0.711086631    -3.819596767    -4.474570751
    -0.776787758     3.567434788    -4.683789253
     0.789779842    -3.544686556     4.676437855
    -5.892234802    -0.159152210     0.927709043
     5.863478184     0.151953936    -0.918973386
    -2.283136129     5.091441154    -2.299722195
     2.277702093    -5.080415726     2.278495073
     0.215259790    -4.492718697    -4.216372967
    -0.188016951     4.528102398     4.235229492
     0.073772393    -5.946249962     0.459299535
    -0.065552190     5.960465908    -0.482098997
     2.714977026    -0.597082138    -5.248242855
    -2.699470758     0.690990627     5.285254478
     4.818169594     3.452600479     0.729323149
    -4.835200310    -3.441179276    -0.749080420
     3.771333218     4.518015385     1.240420818
    -3.793455362    -4.449876308    -1.258110166
    -4.475681782     3.247458458     2.084984303
     4.498520851    -3.266402721    -2.110450029
    -4.793469906     2.535879135     2.510702133
     4.791257858    -2.539415121    -2.485940456
    -2.450469732    -5.167934418    -1.525317907
     2.451984882     5.188672066     1.513345003
     0.935024917     2.338233232     5.642085075
    -1.017524004    -2.307323456    -5.636212349
     5.268457413    -2.790184975    -0.777720332
    -5.244756222     2.795300007     0.787753642
    -0.715611637     4.819232464    -3.457911730
     0.705259562    -4.819303989     3.466205835
    -0.006519888     5.107449532    -3.018915653
     0.019913511    -5.100337505     3.001284599
     0.535474837     1.502348661     5.735953331
    -0.502259791    -1.538888216    -5.731486320
     3.027745962    -1.075478315    -5.008043289
    -3.025223017     1.019783974     5.036649704
    -1.452765226    -3.116227150    -4.877845287
     1.437421083     3.131371021     4.881900311
    -5.722306728     0.608066499     1.645531654
     5.652680874    -0.526541412    -1.539204597
    -3.036768198    -2.553749323     4.716939926
     3.096793175     2.573126078    -4.668054581
     4.417455673     3.490650177    -1.968276858
    -4.412210941    -3.498816729     1.980568647
     4.619449615    -1.695210695    -3.338038921
    -4.623489857     1.695796847     3.345298290
    -1.062722921     2.056085348     5.558546543
     0.991351545    -2.045788527    -5.535697937
    -1.725883245    -1.952407956     5.407990456
     1.681986451     2.020329952    -5.354794025
     2.235839367     3.227119207    -4.413891315
    -2.297825813    -3.242907763     4.369609833
    -5.712394238    -1.742647767    -0.365984410
     5.699568748     1.768738389     0.380991697
     3.258368492     4.079176903    -3.123441935
    -3.180132389    -4.131297588     3.098723412
     4.176881790     3.787437916    -1.902461886
    -4.156676292    -3.831021786     1.913428664
