     0.080864183    -0.053525332    -0.006409033
     0.233449806    -0.201572399    -0.434836122
     0.381893903     0.104870712     0.036819461
    -0.259521836    -0.230582378     0.406376532
    -0.474735176     0.372918760    -0.036525315
    -0.165246105     0.007309220    -0.018650032
    -0.187666342     0.476169837    -0.053892891
    -0.557001807    -0.143292813    -0.186780511
     0.115521726    -0.306028922     0.455239031
     0.488748293    -0.133968892    -0.233874042
    -0.020945195    -0.058215097     0.044261661
    -0.013703306    -0.184939957    -0.605741774
     0.031773099     0.482568743     0.123280684
     0.492464295    -0.204814300     0.291052708
    -0.446908716    -0.010488733     0.163507658
     0.122035696    -0.011025037    -0.077052550
     0.545971112     0.062004984    -0.096979643
     0.044879054    -0.179456048     0.551569274
    -0.355620625    -0.133934978    -0.510352407
    -0.379919001     0.456451919     0.180512202
    -0.003019056     0.004118887    -0.000831503
     0.111655419    -0.382755252     0.480161343
    -0.192675429    -0.284053233    -0.607172999
     0.471543305     0.269008432    -0.278180000
    -0.412950076     0.469074009     0.330341898
    -0.001572091    -0.019549151     0.028882267
     0.641228369     0.018174311     0.107030014
    -0.135586810     0.442972445     0.520180926
    -0.313148779    -0.607060769    -0.004365688
    -0.186805423     0.120863446    -0.546561765
     0.056284775    -0.133323575    -0.038557453
    -0.296577444     0.034204746    -0.668160996
     0.490023672     0.547677212    -0.186036403
     0.227761554    -0.428550017     0.305768693
    -0.445534060     0.062732425     0.381990812
    -0.031554125    -0.020266050     0.019962712
    -0.333243905     0.610384245    -0.157625334
    -0.010610272    -0.279386594    -0.482901370
    -0.119420242    -0.102342302     0.575323527
     0.528695084    -0.102594481     0.146782732
    -0.010927855    -0.088006226     0.055770134
     0.193916321     0.548291639     0.034567493
     0.286144611    -0.444839386     0.014250788
    -0.123955771    -0.168998547    -0.554643581
    -0.350315146     0.124825329     0.424047346
    -0.031933258    -0.006698012     0.034314215
     0.489308029     0.180522069    -0.393334191
     0.106630185    -0.125995266     0.591001253
    -0.255058796    -0.579635978    -0.089790495
    -0.352653134     0.546050425    -0.146354144
     0.007444402    -0.012312868    -0.096765091
     0.361508095    -0.353159737     0.027569155
    -0.525806070    -0.072539982    -0.342484709
     0.299810958     0.503798288     0.006987551
    -0.096975206    -0.073751120     0.533721582
     0.030931528    -0.094018095    -0.093537265
     0.074194485    -0.227487338    -0.386539809
    -0.215311223    -0.451128168     0.217524393
    -0.315460417     0.508782844     0.051199659
     0.434822865     0.306423002     0.204188028
     0.003098949    -0.009940032     0.001041479
     0.518793849     0.460676608    -0.213052970
    -0.200781485    -0.158789111    -0.694992758
    -0.507153915     0.275260943     0.449972757
     0.118627751    -0.524291697     0.426952713
    -0.090339424    -0.004807540     0.017315630
     0.015594240    -0.321016573    -0.384036717
     0.121238569    -0.218186245     0.644782946
    -0.275139496     0.262979803    -0.118814758
     0.399000675     0.227501618    -0.057481414
    -0.049166883    -0.069988622     0.055294925
    -0.508788480    -0.063675835    -0.141722114
     0.218135657     0.523348353     0.073430043
     0.106149713    -0.326690972    -0.477113042
     0.222142494    -0.092870746     0.500343244
     0.011234067    -0.105763070    -0.052048687
    -0.243370171     0.366382520    -0.423506271
     0.529427414    -0.112627731    -0.042856373
    -0.230129723    -0.539186845    -0.005721321
    -0.010375608     0.234199750     0.412995370
    -0.062316124     0.012927277    -0.029715434
    -0.396242230     0.465320452    -0.122836112
     0.360112806    -0.195974888    -0.545973251
    -0.284006679    -0.601974289     0.138136002
     0.499092693     0.233261301     0.435988954
     0.002950537     0.006779554    -0.002003047
    -0.354545461    -0.465304271    -0.382672499
     0.040452146    -0.080876215     0.703125312
    -0.178813584     0.612263050     0.011985589
     0.549341928    -0.175562990    -0.335692235
     0.067938868    -0.059645080     0.047320782
     0.514209873     0.276885108     0.202425452
    -0.544118436     0.101897646     0.183788725
     0.240486146    -0.462051642     0.125502796
    -0.273791546     0.179869137    -0.574947319
     0.043021886     0.023729453     0.071408647
    -0.203480364     0.112782199     0.524092968
     0.387998799    -0.429815259    -0.151447366
     0.200244825     0.546526802    -0.419999867
    -0.519909240    -0.279347018    -0.135768162
    -0.026840237    -0.042475143     0.006798576
    -0.071274962    -0.427256642    -0.449476008
    -0.489878085     0.068231149     0.350295074
     0.197338748     0.368262279    -0.396484697
     0.315146740    -0.092716256     0.537795483
    -0.075587094    -0.083621626    -0.063679233
    -0.562675927     0.096482342     0.234470654
    -0.115759820     0.097389348    -0.529677990
     0.263677908    -0.464543027     0.128603931
     0.408284007     0.274232607     0.385738134
    -0.082473724    -0.018785583    -0.008416611
    -0.223242377    -0.295697659    -0.334810418
     0.555331682    -0.058162497     0.086393404
     0.027594920    -0.026925053     0.542969266
    -0.217841877     0.467394291    -0.304377941
     0.004628912     0.004355586    -0.016926220
     0.011436712    -0.285137761     0.604456807
    -0.330393968     0.576032627     0.112518666
    -0.210627738    -0.391339922    -0.457470787
     0.541175685     0.109712332    -0.249493155
     0.011367922    -0.017454480     0.133517285
     0.174491457    -0.212898309     0.321611735
     0.219432134     0.407759391    -0.144481772
    -0.381879525    -0.029075005     0.186132708
     0.075175394    -0.185372671    -0.570950287
     0.047601989     0.010392082     0.022936612
     0.457398750     0.237168405     0.349776480
    -0.456717532    -0.472751010     0.305620063
     0.256197748    -0.096474791    -0.470940559
    -0.204107364     0.433569597    -0.242663363
     0.070055998    -0.091906794     0.049881094
     0.366580767    -0.339246601    -0.046066731
    -0.450615636     0.011063969    -0.249704786
     0.017716213     0.602348299    -0.237316659
     0.025886001    -0.086745871     0.464610196
    -0.018147837    -0.008968869    -0.014216503
     0.506376659    -0.175639579    -0.402329062
     0.087133686    -0.084697213     0.686826370
    -0.613942350    -0.337407744    -0.145352084
    -0.006168051     0.597267418    -0.134773316
    -0.011837298     0.019226758    -0.002558177
     0.015133808     0.456220645     0.393225387
    -0.398920245    -0.336885387     0.409062589
     0.554028173    -0.241348978    -0.200256573
    -0.181939048     0.087128163    -0.593771664
    -0.023339098    -0.023888453    -0.014226161
    -0.703683387     0.006842857    -0.113821807
     0.366420093    -0.494761507    -0.394410113
    -0.085588666    -0.096056739     0.639428949
     0.387630726     0.515228243    -0.171335591
     0.001744528     0.021451521     0.012613837
    -0.068448669     0.737332349     0.160027380
    -0.418806132    -0.364714760     0.178783595
     0.397938892    -0.279731931     0.267683676
     0.058157542    -0.132373749    -0.622617918
     0.106439236     0.084189370     0.004551136
    -0.210245743    -0.464959053     0.230291628
     0.468278333    -0.179784100    -0.327086050
     0.155899524     0.001270697     0.493024048
    -0.296717890     0.609728570    -0.327209333
    -0.116589024    -0.002420578    -0.042349173
     0.440859105    -0.247438926    -0.203728192
    -0.477504517    -0.154321187    -0.038517869
     0.103927573     0.463807871    -0.282931036
    -0.074907650     0.101662080     0.619751219
     0.006305381     0.009460130     0.048896350
    -0.130392687     0.486124167    -0.281848675
    -0.600400861    -0.194597950    -0.141930451
     0.132641728    -0.048440521     0.502559217
     0.501257500    -0.288863872    -0.150791011
     0.009172243     0.013387918     0.048725223
    -0.350658512     0.140116252     0.509517031
     0.435015007    -0.299705333     0.082201505
     0.193704989     0.500666787    -0.164727923
    -0.247427491    -0.345152019    -0.442830663
     0.007198385     0.024617952     0.002387718
     0.387935626    -0.458089266    -0.048357239
     0.203144347     0.603658694     0.075719258
    -0.260236466    -0.312359783     0.495696279
    -0.353442398     0.156804925    -0.523223173
    -0.011428716    -0.016117238    -0.002030946
    -0.514669573     0.091422592     0.379120965
     0.389220064    -0.236131612     0.309875371
     0.245051170     0.495606888    -0.049035413
    -0.117293759    -0.344138299    -0.631030237
    -0.009781037     0.015969368    -0.013656485
    -0.482968563     0.213259297     0.304127094
     0.647253882     0.087373921     0.290669156
    -0.041181959     0.371812697    -0.478885738
    -0.135065890    -0.686621079    -0.107855113
     0.014821578    -0.028760036     0.000070799
     0.664085076     0.063100526     0.166963203
    -0.151532337    -0.577918234    -0.375729558
    -0.032974145     0.598388026    -0.239568417
    -0.446069377    -0.159658235     0.466685526
     0.018189891     0.011417318    -0.013780468
    -0.511872572    -0.205161186     0.342802934
    -0.354052588     0.480885686    -0.262410063
     0.274587409    -0.429914676    -0.378187821
     0.578866843     0.145835104     0.284973084
    -0.037260197     0.048728292    -0.078602884
     0.377684912    -0.439626550     0.058029850
    -0.115352073    -0.011342837     0.535383562
    -0.368924142     0.007059527    -0.375825657
     0.109173316     0.415149199    -0.242932820
    -0.016590530    -0.029452587     0.052552014
     0.087461947    -0.551608011    -0.317408951
    -0.412409991     0.344536164    -0.270825720
     0.379313822     0.353481947    -0.057298517
    -0.195831175    -0.099183488     0.710499335
     0.006532684     0.006705761    -0.011155866
     0.332119538    -0.193344032     0.429049496
     0.196550993    -0.340436983    -0.593185534
     0.123567224     0.588569599     0.064667088
    -0.630583192    -0.061941446     0.104463087
    -0.000375914    -0.012973324    -0.052195458
    -0.464017156    -0.398637179    -0.024067558
    -0.056614762     0.031873541     0.701314583
    -0.017014610     0.585189657    -0.345138507
     0.576215008    -0.148153160    -0.271356885
     0.002973958    -0.022294056    -0.035095283
     0.548613412    -0.233705074     0.159490491
     0.263136289     0.433922946    -0.296714858
    -0.396419159     0.100118146     0.503964225
    -0.370495279    -0.431845559    -0.287193471
    -0.026310286     0.048722868    -0.023988867
     0.600489174     0.092677791    -0.036711014
    -0.228443415    -0.566551555     0.158520317
    -0.010367740     0.147006258    -0.498502002
    -0.335683948     0.250333394     0.420780359
     0.020579261     0.023464024    -0.034386824
     0.502415116     0.465280635     0.085642986
     0.215535791    -0.433061689    -0.370262672
    -0.560681067     0.395953198    -0.327032397
    -0.155288019    -0.386564568     0.513886045
     0.014045504     0.013316747    -0.006768509
     0.191003211    -0.572479384    -0.020217714
    -0.356521960     0.112141188     0.431385374
    -0.395716213     0.188077346    -0.428547987
     0.564221673     0.318879028     0.010364253
     0.051635466    -0.064956261     0.007187968
     0.328636679     0.482568743     0.124572044
    -0.264633456    -0.056346915    -0.659266516
    -0.340983942    -0.137262527     0.384372936
     0.363856461    -0.226355367    -0.010457751
    -0.001171319    -0.002251426     0.005801912
    -0.180031579    -0.614019483    -0.058110410
    -0.032810152     0.257488232     0.756010699
    -0.296582452     0.279592447    -0.349715230
     0.506167354     0.056678583    -0.322406910
     4.132486895     3.725905649     1.994821838
    -4.141216214    -3.712538240    -1.994542393
     5.578900695     1.696145199     0.962189790
    -5.571196964    -1.690394461    -0.988664237
     5.557564431    -1.386267932    -1.508281151
    -5.619200457     1.367256765     1.506511263
     5.597011084    -1.776194797    -1.105614671
    -5.602800925     1.770862756     1.074759738
     2.254600068    -5.262887152    -1.377506775
    -2.266113919     5.259525969     1.391593876
    -4.924879034    -2.527074311    -2.140088522
     4.970746849     2.506906527     2.154371685
    -4.356924335    -3.799490455     2.183707350
     4.516337969     3.840394986    -1.956258332
     0.539458214     0.927000600    -5.962376524
    -0.695103474    -0.864263184     5.959519127
     1.228431784    -3.462328035     4.689563264
    -1.224276020     3.444198354    -4.697998717
    -3.871214806     3.105258073     3.270955776
     3.874782054    -3.107502288    -3.268197167
    -5.698188422    -1.515926071     1.313175688
     5.666273485     1.508101352    -1.336232093
     4.796456115     3.544538237    -0.310198937
    -4.793416191    -3.543052025     0.322332802
     1.245843098     3.417332631    -4.659532593
    -1.150908882    -3.464671845     4.692221192
     1.428742405     5.755557257     0.633973401
    -1.467738112    -5.735393077    -0.574977543
     1.145777064    -4.857484610     3.310794906
    -1.122244037     4.851262543    -3.318182000
    -3.108513037     4.783738569     1.688884611
     3.125485181    -4.785625900    -1.693413322
    -2.925964754     1.784631085    -4.909530444
     2.912541867    -1.761099743     4.896157016
    -1.745386444     0.113539898     5.700336054
     1.747057926    -0.102781975    -5.692311008
    -5.960351075     0.155637660    -0.138906835
     5.954866825    -0.153947509     0.147862694
    -2.583658376     1.484853879    -5.155888951
     2.597749850    -1.499684383     5.128518133
    -5.035470483     2.701329728     1.671403189
     5.033988506    -2.681513988    -1.672942782
     1.714275787    -4.339975442     4.416284827
    -1.735706151     4.021620772    -4.480062010
     5.173230382    -2.777167695    -1.191801232
    -5.204958706     2.768716607     1.202910868
    -1.104793900     1.511200189    -5.744107883
     1.100729350    -1.497972479     5.633335755
    -4.492906731    -3.845799709     0.761103970
     4.538705979     3.835961196    -0.760948191
     3.522179684    -2.339097248     4.204548758
    -3.522778634     2.343564438    -4.209085108
    -5.677232616    -2.026829134     0.083944296
     5.673902877     2.049845188    -0.042710295
    -1.196587860    -2.549699668     5.238829556
     1.194385589     2.530742557    -5.241693264
    -2.507717306     4.647794611    -3.244901020
     2.508064213    -4.624202715     3.245743834
     3.552596172    -0.936920926    -4.685326586
    -3.570807402     0.949326254     4.674910569
    -0.989136196    -1.855722565     5.749676743
     0.972487920     1.837612916    -5.712795020
    -3.348494020    -3.025784366     3.969033407
     3.336389318     3.023977334    -3.971095282
    -5.206548203     2.610685243     1.270594362
     5.206892771    -2.604827950    -1.271255172
    -0.391077496    -4.973551705     3.262060655
     0.398562278     4.964082413    -3.268097253
    -3.755454748     1.896104677     4.221282504
     3.761687602    -1.903690199    -4.225328384
     4.625698301     3.020726142     2.274286693
    -4.607062985    -3.021945725    -2.268196223
    -1.682273067     1.671531897     5.661523623
     1.843363736    -1.576144289    -5.570927820
     1.323689518    -5.093707056    -2.775297018
    -1.324633022     5.100246678     2.794583948
     2.478848488    -3.022821882    -4.560932151
    -2.520023393     3.042772539     4.549888286
    -5.789982024     0.665549650    -1.506090557
     5.766098269    -0.692520417     1.522752994
    -1.269960721     5.635871164     1.904277417
     1.321656301    -5.633564310    -1.884611027
    -1.190290436     0.159106282     5.871234422
     1.175238687    -0.197951546    -5.886116251
    -3.647881341     4.626635163     1.053502865
     3.657801389    -4.630779019    -1.021712060
    -1.065823074    -2.948822488     5.025700876
     1.082330512     2.944938286    -5.012496574
     5.579618245    -2.187680850     0.827878882
    -5.590654837     2.162352481    -0.803096284
    -3.295596134    -0.698542120     4.844194632
     3.298054272     0.689874396    -4.848692199
     2.624889924    -2.477885302    -4.664939388
    -2.597160044     2.495670890     4.670009968
     3.202330965     3.016604931    -4.083750195
    -3.210631458    -3.017644330     4.061858760
     2.278390305     4.422675594     3.246796517
    -2.291546595    -4.422777176    -3.265043561
    -5.957677114    -0.405567939     0.716578482
     5.940955892     0.384069397    -0.705767539
    -4.637008775     2.714880968     2.579095552
     4.625598654    -2.695232343    -2.573377052
     2.360464191     1.847573444    -5.150680076
    -2.336013659    -1.864104229     5.189006388
     4.794080333    -3.001323729     2.361414305
    -4.744261945     3.026194467    -2.385134079
    -3.714728941    -3.597641500     2.989022027
     3.712706594     3.605010969    -2.964440647
     0.112320545     4.061467180     4.504158566
    -0.180375705    -4.099979918    -4.502499469
     4.985593696     0.850554268     3.132355173
    -4.995729230    -0.838984382    -3.170068872
    -2.612544740     3.082988270    -4.353096522
     2.613247498    -3.076374989     4.349726960
    -4.476868210    -3.380906219    -1.943989672
     4.484674707     3.380418161     1.946755763
     3.002409633     3.986452304     3.222956924
    -3.061590431    -3.894173356    -3.218492760
     0.204743547     4.482114984    -3.974725565
    -0.200157361    -4.472578185     3.972745449
     2.739722707     4.367235580    -2.901256929
    -2.757218106    -4.374228298     2.915876073
    -5.329716855     2.387663908     0.311680945
     5.362698370    -2.492398993    -0.357553401
     4.462732936    -1.806431516     3.536823241
    -4.460354699     1.820611516    -3.547874921
    -4.637582959    -0.383689730     3.690981664
     4.624688010     0.355216802    -3.722801212
     1.505616557    -0.186442209     5.897078069
    -1.497504232     0.191692392    -5.902994302
     5.422040942    -1.559824045    -1.534921431
    -5.438128408     1.593875845     1.542068268
    -3.371029786    -3.992524912     2.996021557
     3.385661636     3.956461518    -2.968444117
     4.024109678    -3.340449217    -2.893795104
    -4.029742506     3.340848567     2.888341363
    -5.016118959     0.858494425    -3.088960749
     5.045227102    -0.819416158     3.071749158
    -0.611161086     1.261379413    -5.884212403
     0.532156428    -1.329796447     5.820294209
     0.837869532     5.720796499     1.249038085
    -0.835488345    -5.714255161    -1.249101001
     0.705293063     3.800844466     4.470754006
    -0.711175319    -3.819459446    -4.475307636
    -0.776884744     3.567561469    -4.684560659
     0.789680452    -3.544559492     4.675663847
    -5.892975074    -0.159146562     0.927556684
     5.862744856     0.151959327    -0.919124363
    -2.283421702     5.091619910    -2.300100939
     2.277415295    -5.080232118     2.278118162
     0.215233305    -4.492560288    -4.217070109
    -0.188039439     4.528265403     4.234531146
     0.073762204    -5.946036026     0.459225447
    -0.065560738     5.960677488    -0.482177918
     2.714634205    -0.597060180    -5.249107397
    -2.699810205     0.691013899     5.284380015
     4.817564002     3.452722836     0.729202630
    -4.835806130    -3.441055417    -0.749203960
     3.770858176     4.518170878     1.240215550
    -3.793928171    -4.449715133    -1.258316088
    -4.476240136     3.247572563     2.084638130
     4.497956294    -3.266285081    -2.110798736
    -4.794069539     2.535967686     2.510286908
     4.790655641    -2.539322868    -2.486350643
    -2.450775810    -5.167748650    -1.525569589
     2.451676230     5.188854757     1.513094582
     0.934905586     2.338316182     5.641153641
    -1.017652786    -2.307241368    -5.637140430
     5.267793928    -2.790084277    -0.777848181
    -5.245410536     2.795397310     0.787622409
    -0.715700952     4.819401535    -3.458480386
     0.705170531    -4.819130625     3.465632949
    -0.006520437     5.107632194    -3.019414020
     0.019910564    -5.100153188     3.000787473
     0.535407692     1.502401396     5.735003070
    -0.502322472    -1.538831679    -5.732426784
     3.027364637    -1.075438026    -5.008866290
    -3.025600210     1.019820255     5.035813400
    -1.452947392    -3.116115330    -4.878649190
     1.437240127     3.131480996     4.881092878
    -5.723020923     0.608084914     1.645257992
     5.651970164    -0.526526613    -1.539459643
    -3.037148747    -2.553657514     4.716160189
     3.096403192     2.573218576    -4.668825298
     4.416902235     3.490775080    -1.968602106
    -4.412764675    -3.498693204     1.980242564
     4.618868942    -1.695149431    -3.338588037
    -4.624066745     1.695856583     3.344745354
    -1.062855463     2.056155160     5.557626032
     0.991224555    -2.045716458    -5.536605141
    -1.726098823    -1.952337064     5.407098601
     1.681776497     2.020403737    -5.355676626
     2.235558771     3.227229251    -4.414615326
    -2.298113466    -3.242791435     4.368884069
    -5.713107666    -1.742584815    -0.366045126
     5.698851683     1.768801674     0.380929339
     3.257959918     4.079324890    -3.123963033
    -3.180532107    -4.131148224     3.098212830
     4.176356611     3.787567179    -1.902774724
    -4.157192739    -3.830884296     1.913111156
